--------------------> INFORMACION DE CLIENTE <-----------------------

[Nombre: Andres] || [Cedula: 113241324] || [Genero: MASCULINO] || [Sector: PUBLICO]

--------------------> INFORMACION DE CREDITO <-----------------------

[Tipo de credito: VIVIENDA] || [Monto del credito: 12000000] || [Interes: 7%] || [Plazo: 24 meses]

--------------->     TABLA DE PAGOS 	<-----------------------
Numero de cuota || Saldo pendiente || Intereses por mes || monto de cuota
1    ||    12,840,535    ||    840,035    ||    535,022
2    ||    12,305,513    ||    898,837    ||    535,022
3    ||    11,770,490    ||    861,386    ||    535,022
4    ||    11,235,468    ||    823,934    ||    535,022
5    ||    10,700,446    ||    786,483    ||    535,022
6    ||    10,165,424    ||    749,031    ||    535,022
7    ||    9,630,401    ||    711,580    ||    535,022
8    ||    9,095,379    ||    674,128    ||    535,022
9    ||    8,560,357    ||    636,677    ||    535,022
10    ||    8,025,334    ||    599,225    ||    535,022
11    ||    7,490,312    ||    561,773    ||    535,022
12    ||    6,955,290    ||    524,322    ||    535,022
13    ||    6,420,268    ||    486,870    ||    535,022
14    ||    5,885,245    ||    449,419    ||    535,022
15    ||    5,350,223    ||    411,967    ||    535,022
16    ||    4,815,201    ||    374,516    ||    535,022
17    ||    4,280,178    ||    337,064    ||    535,022
18    ||    3,745,156    ||    299,612    ||    535,022
19    ||    3,210,134    ||    262,161    ||    535,022
20    ||    2,675,111    ||    224,709    ||    535,022
21    ||    2,140,089    ||    187,258    ||    535,022
22    ||    1,605,067    ||    149,806    ||    535,022
23    ||    1,070,045    ||    112,355    ||    535,022
24    ||    535,022    ||    74,903    ||    535,022
